A  1132.536654 541.780203  534.217186 533.741940  6.447108  26.386128
A  583.377711 854.958869  263.628053 573.862634  11.171604  7.252424
A  258.190914 405.218903  1040.081510 986.701582  8.755904  0.339748
A  517.002795 586.298442  1735.182116 161.041668  2.072528  28.848565
A  506.527132 541.557494  399.494168 471.741033  10.109722  25.035283
A  964.811873 896.917297  531.954869 374.547242  5.182315  3.552196
A  1626.317864 1074.614913  478.852627 1043.496838  3.976484  22.892343
A  973.656383 6.415512  400.607666 585.218452  9.071970  27.470138
A  829.936947 246.062268  1210.147131 689.495305  4.474024  22.122763
A  1177.541084 194.507200  1396.314934 384.108391  2.580661  0.971167
A  866.632333 289.327303  478.983768 132.013535  5.289617  0.129492
A  1058.001230 635.511453  844.144835 578.226318  3.919805  11.855707
A  1702.231188 532.527777  1643.035865 193.841131  9.405861  0.416971
A  1518.087103 833.472103  337.384629 625.610291  8.299465  5.060448
A  43.247367 396.808402  606.813520 436.007406  7.071258  19.736010
A  1841.846369 1004.336223  820.087608 165.585331  8.495257  3.710006
A  781.149578 471.819425  1425.278726 349.908451  8.853475  5.189576
A  833.585029 119.697919  827.818330 269.085690  3.129914  26.915962
A  100.736653 147.815336  1014.774874 175.116053  10.036901  26.477815
A  748.335885 722.112152  28.036977 1038.328880  2.319053  15.287612
A  1308.279609 865.820179  1265.607089 866.193310  8.748716  18.743701
A  1201.370835 801.705718  765.584084 418.196753  1.960523  11.513676
A  1192.650864 797.097377  1669.298071 281.381784  8.327022  9.579938
A  426.196215 204.410000  1846.284314 1070.485776  8.254235  8.275291
A  1118.166229 420.539687  153.006724 762.291768  8.478876  3.774731
A  262.598958 154.049782  917.943622 211.103808  10.139528  5.715149
A  458.173041 296.467035  26.563574 371.181911  9.077926  8.724813
A  1311.064789 106.794892  314.361750 633.759576  7.153406  2.971231
A  1886.141155 114.375249  1811.342615 107.145566  2.460892  27.831908
A  1695.723898 1048.904962  511.923271 643.205989  8.055100  27.777905
A  673.973049 47.018849  751.034255 25.970215  5.937433  6.033782
A  448.658296 625.349098  1901.626335 670.392487  6.665293  20.995566
A  1217.264256 1013.255608  143.253127 881.612575  7.872821  4.529124
A  718.984821 860.557602  181.270512 473.472875  1.499534  2.063103
A  1588.271815 306.154563  678.048861 874.334034  4.703518  28.499484
A  3.542076 568.704898  496.829770 1035.602523  10.441844  19.484556
A  673.507569 1013.888555  961.886807 51.658400  1.157975  26.032430
A  742.385204 711.999050  1765.718784 862.421577  11.415602  12.954293
A  1349.419216 60.758990  241.678471 616.887461  1.519483  8.753938
A  1190.282480 116.699262  1050.809125 311.861104  2.384364  29.981531
A  744.293195 738.852785  398.160257 293.953724  4.783524  17.041989
A  1227.503401 433.062670  178.973557 590.283020  3.915571  11.239580
A  1046.306471 174.844637  480.825431 394.705278  2.392146  22.698258
A  185.450785 306.357568  629.363140 1029.385513  11.289592  23.176153
A  806.657943 378.820092  637.331666 224.494201  1.599012  24.728012
A  1588.205800 534.070186  1716.854991 372.658949  8.297664  1.300887
A  49.189506 1047.745711  1615.976185 321.085883  2.500891  24.919524
A  1434.597598 994.996001  1900.403147 312.311225  1.172928  10.114721
A  221.441305 976.013587  1875.220089 171.743069  6.032284  24.220472
A  1842.696777 515.181195  202.814519 5.996616  7.568612  9.327139
A  615.234080 81.465990  1242.753098 682.340312  8.216653  26.921142
A  421.352282 570.926259  1219.799459 1010.451904  5.988266  13.817028
A  814.790836 898.974549  1296.763120 516.971362  3.321846  15.046115
A  1136.263664 136.236686  611.291523 176.461174  2.120956  2.995568
A  972.720651 95.993594  323.935631 273.448691  5.312016  9.930870
A  938.753722 1013.635748  212.702141 468.943716  1.823928  12.919328
A  1703.146088 950.008046  1291.945515 846.121017  4.462820  3.439491
A  975.832021 213.026085  1866.964368 563.950272  10.061896  24.207196
A  560.519339 165.801601  1732.268772 749.372502  8.727779  4.127275
A  278.914518 176.259930  488.169478 632.411395  9.682237  7.943697
A  938.379570 1058.177120  1373.117017 672.341632  9.112164  13.827513
A  1209.387626 124.299557  956.605405 992.744126  7.880815  6.788453
A  1543.114312 519.636344  65.847298 475.074781  9.194547  9.603311
A  281.770428 674.227480  563.649986 307.663583  1.626807  8.778540
A  723.354230 426.894125  1823.346664 468.704744  4.846299  16.377718
A  1758.669723 993.338320  1361.145014 527.839336  6.771397  0.629819
A  968.855845 959.729062  1282.149280 721.198624  11.573147  16.472035
A  247.899025 830.608487  305.764532 287.783046  5.115249  1.283480
A  1849.424881 939.989287  1085.517125 245.114903  7.038077  27.266527
A  1648.249805 837.201063  524.853141 933.197093  5.602698  16.434542
A  1744.466707 636.274380  889.568667 1020.874215  9.925767  14.339347
A  1598.982977 480.277899  1429.888034 1059.333666  5.843382  19.084419
A  1520.478968 291.456813  707.090542 37.032374  7.137238  7.804432
A  560.721364 836.575228  533.729107 610.753227  8.821682  22.325654
A  58.735014 144.041404  1356.402904 152.353719  3.260172  28.252054
A  1530.785355 1072.740769  1887.197744 937.091168  10.960526  26.092411
A  6.503521 333.792270  1178.234701 1071.908266  5.975212  4.162322
A  396.951796 864.368965  1435.441833 728.123163  6.668659  16.712071
A  1219.621324 989.011585  824.306411 835.915606  6.619028  28.587502
A  1715.761178 179.383168  937.392683 390.473895  11.547858  9.128060
A  442.325535 890.528740  590.347975 754.580375  11.204048  24.077457
A  1791.439501 925.849689  423.159063 409.527280  10.271139  13.024049
A  560.655892 263.455511  21.870639 393.121858  3.253679  29.238011
A  1065.310195 85.388934  450.850980 864.452300  8.623030  4.612495
A  1556.042326 1027.755406  274.135793 1023.035531  2.775711  29.378079
A  1238.619209 844.380612  575.549503 923.684472  3.398644  21.015016
A  1593.657020 607.021256  1526.323083 909.437855  8.126880  8.283316
A  398.090846 676.592271  1758.971782 876.106638  3.222245  1.855764
A  774.279015 800.024872  230.790574 750.875260  11.872899  4.689203
A  1375.533425 453.354176  1429.461468 1022.595554  2.031818  16.890564
A  1293.240687 551.093309  1351.178668 750.180767  8.382293  8.971515
A  1126.102397 1075.310516  474.504373 253.910959  3.981496  19.979751
A  1501.546251 79.625627  891.918412 1052.791318  4.074084  13.427240
A  816.306818 831.512964  1302.870427 101.289720  5.663798  19.798016
A  5.006628 887.093590  590.883485 410.604131  5.374462  25.940648
A  1484.194842 626.888473  1474.070994 1060.462977  3.387267  7.705149
A  1202.025643 411.159955  1106.436852 533.419469  3.958678  23.520176
A  397.153902 650.295442  184.094137 740.579944  4.682181  16.368429
A  600.209465 966.633849  848.093141 1004.599835  2.290780  0.057480
A  1314.359379 487.206281  455.093746 200.184196  10.456026  7.701287
A  234.869837 993.674504  1211.590692 823.094256  4.608059  14.016098
A  969.492583 810.691159  100.042151 12.916011  7.807442  8.072654
A  1840.099226 124.391435  986.758234 994.040238  7.227358  24.772930
A  130.924837 69.679076  799.935645 685.461885  1.866065  0.300245
A  417.086625 905.839745  652.162169 594.052881  10.743241  23.433596
A  1147.969830 276.377266  315.755041 451.025031  8.489466  9.294737
A  1073.223101 948.042496  1446.542883 459.237830  3.318342  12.796547
A  1194.386173 229.770648  385.165696 945.019268  1.683098  10.411181
A  1036.322149 640.069319  281.377028 523.545381  11.923417  5.296297
A  370.754295 456.832516  281.482117 204.724260  6.200747  10.918255
A  239.418750 382.326545  86.944978 770.134718  5.837776  25.877496
A  1161.133314 474.735918  983.478322 16.622456  4.344986  20.993561
A  1856.667126 73.482434  1254.529526 823.702467  5.042897  16.956608
A  1826.515114 842.288964  43.929184 651.163697  1.300612  25.006747
A  1018.557182 972.214337  1377.008182 347.214008  2.627569  22.847661
A  68.604174 369.382859  1282.482435 496.905590  1.016105  1.383833
A  1229.158865 395.377311  217.350648 660.879903  2.002984  17.921708
A  1114.667776 1048.619018  242.896200 404.040478  10.718754  20.632911
A  371.411645 785.018295  1525.216811 162.286040  2.837810  0.051564
A  1132.369459 417.713187  1876.045112 161.408410  4.550132  10.376077
A  788.059111 1049.626572  1771.809694 568.646745  1.437727  20.254312
A  1128.976566 912.591280  737.193187 496.285788  2.141869  28.455281
A  1015.381166 468.433093  1666.686474 984.001127  11.695375  16.477302
A  407.857762 311.236289  1505.187139 310.196306  3.313638  10.384079
A  1164.391461 167.209899  408.239065 519.389703  7.301555  22.151554
A  975.867811 1004.763493  1158.646399 391.618394  10.060285  26.600980
A  244.187149 894.211325  1742.059219 407.984568  7.223621  9.425560
A  1734.778041 326.282712  347.222320 305.629258  11.751851  17.140922
A  78.180539 17.156850  1447.904369 1001.602508  5.823501  15.598970
A  348.587470 260.685826  1302.607259 762.307573  7.789316  23.146761
A  370.093734 804.134417  324.543643 876.378052  6.821686  1.573340
A  1293.780525 27.888579  355.184208 793.873921  10.916887  0.742111
A  746.623102 549.265910  1311.752628 96.257348  1.068839  24.744315
A  594.013659 822.994880  841.505695 993.923175  5.181443  10.454309
A  1143.457166 824.084421  1509.850151 310.312120  10.913101  29.214138
A  644.714999 14.640271  943.325313 645.413753  2.845537  24.884109
A  1828.164597 295.719592  1877.455686 231.913005  11.886691  11.805507
A  515.825266 986.649299  694.000557 1023.950598  11.087358  26.837628
A  1214.085060 901.895381  1333.595254 204.022337  2.574092  11.173141
A  1418.645628 5.232643  1444.277489 970.837736  5.214230  15.451766
A  1167.745677 1033.515239  1213.236031 581.577309  9.666758  21.838202
A  523.452476 1056.131879  25.489765 943.853624  1.804182  11.639878
A  1226.209570 719.011994  1420.456298 376.154361  11.684484  24.469915
A  1837.758072 633.473162  99.252072 129.358646  1.564480  5.484209
A  136.661910 443.118995  749.679389 619.256290  2.702810  12.478101
A  360.986196 193.942651  1781.139879 263.221614  7.610456  19.584350
A  1533.442113 796.312570  1726.204359 1038.756918  3.226274  22.511277
A  358.513814 123.446432  1339.990996 1058.212774  7.622978  21.367329
A  498.796582 1037.008764  1451.325872 427.196646  8.687720  27.089124
A  905.964689 398.032540  1609.655989 187.585447  9.123780  19.048490
A  34.822230 547.543093  273.272859 427.128678  5.663294  15.612365
A  1020.398488 782.603062  1660.679400 388.487787  3.645570  0.407378
A  158.100785 248.472712  61.665392 771.979500  5.089253  19.222263
A  1443.519782 244.349105  909.916050 1067.450866  11.195077  27.026915
A  365.123699 654.094529  1501.708928 151.017796  1.253405  9.809904
A  156.306613 891.398460  146.812731 479.975766  5.693634  17.524186
A  459.318052 145.518393  1704.416071 206.510782  4.346828  26.058886
A  1419.734606 239.019995  1459.310796 698.924164  1.939316  18.008419
A  140.275857 960.550159  1528.970518 420.668956  11.608102  3.591541
A  864.347371 156.505278  1735.749026 534.193050  2.451880  13.841308
A  1724.322198 827.691435  1702.040221 696.601082  8.560235  4.387120
A  665.673406 560.215943  452.758011 107.383084  7.111290  6.579985
A  143.548634 675.469449  698.240999 510.256199  10.002090  6.737483
A  650.884273 644.407544  813.955429 339.914049  1.853511  6.835870
A  998.418887 46.650722  1232.000277 91.621392  9.891281  1.281247
A  250.552978 66.862731  1030.616040 1002.280156  9.658625  28.353457
A  1651.960879 190.569152  281.691210 227.616901  8.830176  27.987531
A  29.602472 130.415647  1576.568793 947.816497  8.085745  12.924649
A  929.346036 940.984184  1421.367436 245.815080  1.404372  18.955566
A  1521.082078 480.693209  1186.366448 372.430527  3.394268  9.803395
A  1275.244537 140.983016  1128.896351 152.722429  11.681249  22.131528
A  1772.227817 613.983868  800.133528 1071.842425  9.589854  9.870112
A  1579.577393 61.076736  1480.429144 886.330481  6.897329  14.736089
A  547.940824 838.861852  1203.293408 1055.425560  5.935651  2.790726
A  1860.993589 43.357631  1876.815363 903.242276  1.849577  26.320006
A  1109.592214 743.640093  1435.104140 807.367721  2.049200  7.693101
A  423.657219 75.196735  1318.076095 518.831522  2.681874  25.226959
A  394.583122 1073.103508  484.233893 265.615744  10.239244  8.160054
A  784.713304 409.409338  407.086631 452.141087  4.271552  6.339435
A  1764.644827 1015.054044  1628.132097 872.957385  11.521630  4.006312
A  250.600045 698.530807  1518.449705 802.569675  1.229743  26.580329
A  1589.963605 747.368206  1044.637754 173.356368  2.290397  4.603989
A  1709.863005 1069.064254  552.878703 1069.943116  5.418525  17.220414
A  1192.362069 619.894329  1509.973945 240.182159  5.230099  12.431451
A  1354.644008 634.444862  1753.035864 170.503537  8.583969  29.242602
A  1640.543169 1015.010592  809.402004 533.410246  8.372697  23.823004
A  345.091104 775.981584  86.304534 388.976530  6.253334  23.303611
A  1412.589704 343.366134  1204.077017 264.912272  5.413257  25.588349
A  995.211402 961.702934  270.162333 74.397277  9.466840  19.887344
A  7.073441 766.297300  1423.898762 697.273934  9.368460  27.702047
A  1084.342005 390.325515  1309.639525 313.028155  6.419141  9.853213
A  1802.920010 530.528793  329.159652 536.290258  7.626550  4.016849
A  44.826813 59.016377  1417.239495 876.454678  1.958303  12.087914
A  1713.396132 891.310049  1676.290688 221.083720  6.234450  12.446096
A  3.371730 288.492008  831.226500 642.558127  5.746244  24.470136
A  1837.665538 267.898871  956.226037 29.754616  10.910911  9.564480
A  53.231226 961.508303  539.057636 490.225020  4.382169  21.256507
A  958.113114 860.136317  617.361103 103.667765  10.982298  27.991310
A  506.433134 518.931383  616.686531 1033.536070  11.347267  23.788757
A  193.711544 393.931024  790.983686 451.071442  3.681630  7.383175
A  128.063175 533.227820  575.585588 60.474029  6.033507  18.456080
A  1727.504063 480.307003  1593.501355 290.895711  1.375039  10.024578
A  58.119910 741.158288  1173.568715 843.029364  10.698424  8.066222
A  59.291800 807.804103  1864.520281 770.335951  9.041063  2.638635
A  1845.130673 564.272583  1886.392261 300.419118  5.529535  12.322314
A  772.058254 951.704294  1543.602887 955.961084  4.742644  18.700757
A  608.007185 452.487381  784.647742 460.629089  11.900651  18.156201
A  1444.351056 1032.603587  1586.370946 638.415866  1.941575  28.381377
A  764.808507 1046.779133  104.722603 441.055711  2.703011  4.466937
A  595.120089 985.232983  271.789518 98.223286  9.717291  18.121445
A  54.439846 286.081587  689.816982 835.682019  4.609039  18.153727
A  1277.450564 36.571105  405.871421 537.414453  4.411988  9.351173
A  1108.732406 162.975382  839.389930 147.121701  10.272024  6.892716
A  1226.095117 820.795877  1650.513782 899.587785  3.029451  29.640866
A  699.045996 826.090888  41.032839 712.715641  4.211663  5.847351
A  254.532313 277.158254  1389.528043 554.439878  2.924018  12.382228
A  1584.428353 700.740380  80.866514 84.567319  6.585814  15.616480
A  289.246930 898.821534  593.503571 832.936399  11.268490  1.084872
A  181.274308 713.985533  339.850254 507.364717  6.442369  21.699082
A  1807.403292 627.908826  1715.300583 67.910452  2.733359  11.042299
A  618.957639 147.638916  1329.256017 253.289780  7.890258  22.224064
A  118.947796 105.132611  464.879383 935.679804  10.833304  2.591059
A  1407.953096 1034.900949  1852.001187 589.937740  3.277201  16.992446
A  109.820365 140.042574  1577.373634 483.194058  4.473947  5.559432
A  1097.084789 802.033405  1734.084430 664.908571  6.187285  13.764762
A  1608.092893 637.036577  1112.949682 1047.674185  7.032573  19.024146
A  432.137208 496.338125  885.655130 946.157296  2.693175  23.137935
A  979.444133 776.058344  1739.300112 822.626415  4.295109  10.933745
A  464.747920 702.178388  1646.496060 926.838840  3.203756  26.557928
A  750.615977 175.390884  1811.624187 1041.712949  6.626418  11.432106
A  4.737311 98.930754  1324.458943 872.032449  1.913654  22.950616
A  1354.314922 5.560726  1899.114900 11.854124  8.895879  1.500475
A  371.301982 728.690608  1721.087383 19.812077  10.468656  25.248926
A  511.517557 22.399048  298.313480 1077.363595  5.198743  18.337894
A  1588.445091 955.360534  361.023194 45.567328  7.062300  21.935608
A  541.679032 368.736151  215.048091 256.404151  11.111281  18.075931
A  619.317007 699.398473  170.486589 266.252054  5.175824  18.061256
A  1283.471560 383.215238  1848.267158 636.972373  10.172870  22.642823
A  1744.859055 648.229892  497.619141 659.543223  11.428930  23.940955
A  1562.987251 390.033368  1806.379528 51.007427  8.443272  24.862297
A  817.853503 122.451059  1048.667599 181.884905  10.190651  26.970370
A  442.282109 729.322746  1290.230414 775.357584  7.528762  24.843526
A  1065.671027 437.471738  1687.903509 376.231981  9.142817  26.002365
A  463.498968 764.225283  407.988270 534.561235  9.284414  28.424826
A  1853.437444 1018.794838  127.328844 856.234181  6.950472  3.526612
A  1800.148466 142.447719  1669.085713 987.869743  3.571374  5.471686
A  988.769828 777.077246  1864.826624 741.320495  7.202276  6.126790
A  584.148184 664.640726  954.769132 57.921440  4.280233  21.213607
A  678.590501 1063.936839  1769.331677 876.827216  7.226708  27.773884
A  631.269958 212.464707  610.793155 13.544423  4.701356  22.163878
A  422.030904 231.041183  1835.179379 446.522524  7.751266  3.199394
A  1100.652083 409.688084  1135.973984 164.278202  8.475696  23.378696
A  1806.665576 808.665625  1885.023897 436.179836  8.381663  24.513090
A  1117.954291 373.945629  302.988760 364.899145  7.649373  21.340814
A  715.224295 76.915203  733.528777 265.054374  5.521698  9.447188
A  1108.134682 690.167431  1156.044936 554.100421  9.435590  5.881767
A  1139.524817 623.300413  672.856652 545.066692  10.482734  24.156773
A  900.295254 47.490346  949.412619 211.815786  5.408207  9.772031
A  949.977220 77.386311  739.262606 865.854553  6.985984  5.580044
A  1028.978053 373.355802  498.863860 813.327534  8.960615  26.470433
A  1562.751609 657.005717  570.549168 559.457697  8.628248  3.659352
A  60.854343 636.339148  942.277394 89.235585  8.228458  22.113066
A  766.696030 210.831881  683.631448 276.737691  9.284954  11.119257
A  219.465449 284.555134  600.193350 726.147942  9.883763  15.090916
A  84.231317 454.602171  1511.158246 437.732616  8.336485  13.412392
A  1093.466530 674.803640  1328.839745 259.002285  10.228263  23.421365
A  1846.794668 900.469990  1881.741613 355.399519  6.447732  21.677743
A  839.297317 1060.815586  1495.824350 585.319492  9.403982  17.384225
A  120.893207 1057.567092  152.860929 934.518566  4.649851  19.958033
A  1068.721420 398.840664  223.759717 723.645174  4.019781  2.926338
A  34.108699 1035.519412  1029.909289 166.050402  9.071435  3.701046
A  1483.346547 1000.029274  1815.577557 894.409832  10.518702  16.054916
A  1190.293425 529.725124  1110.754052 256.263231  6.769905  19.259585
A  1572.925396 646.302478  546.426996 218.815872  10.905270  1.055868
A  1897.158480 378.090896  689.394074 296.100818  10.768968  7.721742
A  442.405984 77.713028  465.911414 443.773610  8.899478  10.262706
A  755.026339 308.332968  818.748580 1025.831598  9.877290  23.923522
A  1489.731570 258.719184  729.111151 910.552012  3.581977  6.081390
A  1048.010631 317.349600  846.798718 643.663072  6.334109  8.810065
A  305.445518 149.240065  1738.158087 265.297336  5.338261  3.474372
A  1815.101592 964.682496  487.762488 823.328767  3.444512  1.747785
A  1718.860187 77.837272  282.567815 825.951479  4.061634  20.155070
A  836.069375 798.351849  736.682861 224.412833  8.894087  23.851013
A  1133.345760 642.207790  777.722805 43.158073  9.285754  4.179631
A  1802.031379 566.792232  1128.661179 106.912269  6.519426  21.300378
A  105.301835 236.900966  1004.456417 954.951937  4.580341  26.335790
A  933.345169 869.649027  1799.814331 291.427369  11.417410  6.774032
A  1736.271841 300.761105  333.425556 404.394658  6.141181  10.479021
A  1562.286070 675.615706  372.081546 422.937850  3.138361  9.980105
A  1663.395328 548.558455  638.611822 430.387971  2.370964  7.091471
A  621.407539 603.668488  1397.577357 974.980924  6.049061  19.131097
A  154.797875 83.694140  1227.833088 322.201740  10.279960  28.817681
A  1743.389533 383.303328  1262.069005 862.476930  6.001299  0.722060
A  1257.475844 731.344255  1310.014883 833.701111  4.871460  23.440948
A  1515.938531 839.085278  963.683533 823.098818  11.674041  21.707104
A  1807.023271 700.960050  314.729360 385.373778  5.030274  10.815573
A  1854.481753 1060.737672  730.381687 206.655125  1.793164  13.461436
A  555.882507 606.382332  1365.099746 291.696934  1.447187  0.699394
A  1308.437278 70.214724  1321.397317 478.863964  10.596875  21.751097
A  1446.857152 857.758149  1374.595150 806.877506  11.691556  11.278013
A  1494.079651 276.004676  1621.783759 43.737505  6.320212  9.253245
A  557.586440 795.611234  749.608280 500.992089  2.353979  17.260560
A  1050.869472 918.818475  1533.027199 74.659536  11.663619  19.390333
A  1701.094068 509.878622  1450.888165 660.796582  3.202906  13.236604
A  1747.498544 711.267319  375.070003 331.951812  2.889242  16.369950
A  1500.102325 721.494239  467.732114 828.789577  9.219185  28.465952
A  778.767151 1004.778368  528.593877 391.333904  11.781984  12.837814
A  1835.621860 1062.359691  1399.670377 88.216834  9.075985  27.123339
A  294.355075 546.650872  489.571043 871.767175  11.985065  1.623831
A  744.369951 700.922399  515.921911 244.777871  9.974491  29.035305
A  346.385650 196.779765  984.997452 207.129857  8.126539  20.593170
A  1857.125345 241.177793  29.746560 6.479045  7.940692  14.873510
A  881.593355 570.476319  256.893465 255.178942  6.005140  17.845310
A  1754.155158 487.604506  891.347607 1072.329220  8.785643  21.691384
A  1085.945314 275.599814  782.175254 680.165634  6.383485  2.820995
A  1802.888911 365.624740  784.555716 326.126212  9.455341  16.328384
A  562.861260 113.205616  1218.948943 389.487468  6.869773  2.335531
A  1052.108897 74.114110  1097.329098 196.097747  7.073507  26.220581
A  444.392332 533.931579  160.921365 654.849772  3.534758  27.823003
A  1238.783988 5.365406  1323.416183 985.898677  5.007139  26.286513
A  1277.789078 857.539169  208.517516 1051.760642  4.793940  25.685939
A  764.816399 488.609755  421.004700 100.551176  7.539477  26.754896
A  1904.506966 497.781610  66.495739 929.496465  3.551693  19.030354
A  571.383466 196.974995  87.975449 108.794422  2.696148  20.179201
A  1779.248302 529.891722  1898.238156 7.429432  6.017961  16.307219
A  874.198489 551.361994  162.694570 62.106378  9.825236  14.431031
A  1867.058919 640.465417  643.935786 185.913224  4.771262  23.572543
A  622.481959 454.369882  922.291277 885.190718  3.193867  8.651366
A  1807.149179 142.700495  679.917167 431.434150  7.774578  19.695301
A  1888.070909 157.799844  322.991605 988.567481  2.133845  25.720307
A  1851.763132 331.247067  333.660698 190.622331  11.581998  20.069350
A  1854.339677 900.522211  1713.872435 140.175015  6.872209  28.767568
A  971.824582 227.663207  1255.673214 160.624207  1.696380  21.827896
A  1755.081441 602.122102  1283.733283 873.795203  1.845122  6.633795
A  1867.920476 425.847452  111.816039 392.703609  10.282731  23.958686
A  1037.847824 510.364771  418.955568 1047.910886  4.720569  26.323964
A  484.219615 776.235000  1735.064481 646.795089  6.065289  24.471725
A  914.052138 694.956927  1910.116540 929.122356  4.677411  27.784632
A  1907.924088 469.626080  851.977485 493.915835  3.612333  3.850669
A  1126.866232 167.510783  932.732561 323.626382  7.236741  26.946019
A  588.500586 1008.873587  97.176038 124.645992  11.202315  8.254966
A  1095.223489 1013.624873  200.790300 434.973695  6.816290  3.065131
A  305.825568 21.210125  582.509712 309.467595  4.791991  14.119150
A  754.302354 254.664516  1071.561778 423.840636  6.650749  16.941529
A  1669.633844 39.403706  1812.167540 831.551520  3.613384  6.616349
A  475.708234 732.517533  1728.012723 982.449467  9.421648  20.531491
A  1736.594341 1028.028168  1068.134369 994.676372  6.559279  4.724919
A  1888.996177 543.181304  1438.112687 64.745296  9.690757  2.992182
A  874.660053 826.156521  502.960959 447.566969  3.748579  2.255916
A  1731.954634 753.115318  1100.423558 819.790740  3.982662  28.031775
A  1292.121596 722.707346  1497.300388 470.139190  1.279394  18.720632
A  474.768487 511.353361  944.307156 279.276003  9.143281  17.375930
A  1428.202066 532.044707  632.233525 709.713408  9.666180  22.026395
A  715.347099 922.415743  605.214763 449.214245  7.390346  11.654298
A  1120.447704 647.200614  1897.353639 94.414226  10.408376  28.366920
A  1541.314522 321.663677  56.922295 361.439431  3.150391  15.250840
A  1599.096083 789.847289  1293.392522 250.720269  2.204849  0.491071
A  945.771103 680.357707  738.517490 996.060262  1.267593  26.552823
A  1676.549195 389.109958  541.090701 976.020790  6.515850  3.953230
A  468.363388 228.726258  1151.774472 567.073457  6.110755  14.395017
A  904.079883 1023.890678  1408.180441 5.680318  10.409928  14.469723
A  1686.365786 835.569598  364.291943 578.223165  11.955805  16.864434
A  262.702407 490.856166  1055.997963 971.854223  4.125749  22.157980
A  1484.436073 573.802995  1429.459305 730.294148  2.616766  14.106103
A  417.411742 659.530052  962.721032 1036.662671  9.132697  4.609275
A  1798.502019 692.509224  319.600044 1014.556063  3.905302  7.391215
A  741.665613 944.970307  1805.526367 174.274418  5.612930  28.630192
A  1083.351048 249.793876  83.256947 440.196673  11.105753  22.824890
A  864.760969 456.886101  847.061809 951.023009  11.512840  8.634621
A  1041.027432 933.605845  1039.748515 5.670596  7.937696  14.351144
A  1827.702921 393.087835  1343.129020 745.890689  7.313373  11.380360
A  241.145766 1013.207392  1475.749594 327.151231  1.583805  14.669360
A  1750.777910 476.745760  750.909490 644.442849  9.026091  10.991657
A  952.116366 876.885788  414.501142 247.590114  10.648620  25.699298
A  523.235135 241.049908  794.519494 353.581101  2.747689  19.034694
A  97.741097 669.646634  1168.135574 751.428473  11.000046  6.395683
A  732.707193 74.160673  377.292442 1031.951177  10.052314  21.402279
A  1654.860041 250.463760  442.530677 297.262665  6.099933  26.826376
A  579.711909 163.785128  1479.077945 379.976897  8.099336  13.543659
A  1806.513460 658.874644  517.611027 948.074689  3.266289  10.602170
A  267.089456 783.757845  1338.820877 960.267194  8.995429  10.878558
A  1051.305225 313.480508  1913.010349 305.396150  3.976613  20.093745
A  667.430902 666.100004  236.263653 760.297698  5.805797  5.203622
A  1856.113746 102.698635  1145.875629 437.434654  10.611830  9.679478
A  1028.561902 1002.937522  977.186595 594.976725  3.236668  11.274914
A  75.527426 621.959632  1015.085154 730.734698  2.408334  7.191026
A  1344.977403 749.630990  1682.151294 105.770326  1.583955  25.337588
A  616.081945 543.941652  1206.121933 757.008844  2.154832  9.414379
A  1705.128238 982.297083  1498.177459 28.953429  6.154389  12.115434
A  963.573942 652.691359  1735.610292 217.638055  6.009413  6.753306
A  1541.355298 531.187134  1479.332739 390.280975  3.578311  17.688018
A  48.207403 100.329698  452.873638 18.924439  2.237157  13.805872
A  343.194474 449.648416  1333.603863 224.475190  2.758808  25.818417
A  1495.282309 108.933462  1099.554248 678.549298  5.199638  25.284047
A  1665.970557 312.189174  1114.562373 878.016705  3.079771  4.195979
A  294.697303 144.955049  1830.784663 512.287773  8.799082  14.322572
A  1061.499247 857.405813  348.411522 737.872969  8.224600  25.394963
A  585.383395 228.315142  1014.433333 996.497682  5.097237  6.581463
A  1506.772071 979.367085  395.917631 183.176471  10.753797  28.506902
A  585.957225 615.838455  183.548411 328.280347  11.857512  18.214848
A  1423.316123 265.491490  950.902272 77.020129  4.432191  22.982166
A  1578.797958 85.476093  1001.660293 986.624521  1.849418  15.151301
A  478.097272 499.633530  1832.173926 798.165364  10.664622  27.818248
A  124.414926 694.387761  1330.863702 432.169808  2.301834  10.062361
A  466.119004 683.034397  482.250709 584.785235  4.063746  28.066621
A  1614.590953 17.752250  30.439626 970.761784  5.763495  27.359060
A  1554.206127 108.752938  390.475369 843.343430  8.661155  23.955267
A  227.944617 381.819259  936.924185 864.002329  9.388447  1.414482
A  1846.865383 207.817642  1240.191305 1024.060816  2.513598  16.858295
A  453.486558 197.718474  275.766292 563.506171  3.749089  16.092356
A  560.864789 53.242632  209.319637 577.135622  5.783356  18.923371
A  1448.848730 771.618076  1870.544915 108.479598  2.931773  2.672203
A  1879.950139 127.013375  587.718901 372.030732  5.756912  20.490039
A  383.262956 868.056020  1094.380025 465.195835  6.652118  7.907708
A  694.558063 799.009325  1794.403656 720.197232  7.741592  17.031207
A  375.607002 418.872734  1505.384259 962.304456  4.094939  0.829379
A  212.534902 687.185352  1651.463039 653.632142  1.229523  6.025256
A  1533.420173 186.759807  1225.851847 439.960261  8.760399  2.696518
A  69.450499 805.355840  414.618749 296.264460  10.863529  6.346146
A  903.586314 203.448094  1019.891606 197.767114  5.366822  6.791927
A  1106.323706 452.013352  1668.074107 212.214599  7.949083  4.154672
A  1058.561597 610.490866  1172.872657 607.323626  6.644214  0.489261
A  1841.525575 364.770195  1241.726169 984.972926  4.209882  6.933729
A  330.891311 1013.443159  513.682266 58.360720  9.622085  18.816702
A  1753.945268 966.995961  1844.352085 620.653709  10.036856  25.779969
A  170.193272 898.488337  1577.545538 150.439143  2.148942  20.049959
A  841.279425 616.241498  1871.203943 606.231434  11.748772  6.920780
A  970.329688 1003.156154  1355.210274 734.222078  8.629624  4.432545
A  272.875868 462.513616  869.181419 287.558013  7.201417  2.489778
A  1238.086668 92.291130  1174.990027 39.981463  10.211013  10.338901
A  143.318394 169.273305  1687.902540 934.311641  9.077453  23.647638
A  1000.397433 390.103155  777.487259 223.765503  10.973120  27.466059
A  1241.995023 401.334482  1780.726742 537.768289  11.834027  0.981236
A  1718.238338 1053.127435  875.137412 46.582262  5.091527  24.580754
A  589.489932 400.583513  882.929788 659.393150  4.396674  8.941819
A  656.522636 748.271571  1018.212599 596.741306  1.731187  17.184835
A  176.814444 134.537179  879.581757 468.415063  1.555741  26.453208
A  1861.437474 843.442101  717.090353 300.324593  5.352337  29.391499
A  67.472546 905.204474  993.030805 414.578802  4.971004  15.846987
A  1889.341289 197.517703  1650.589684 1054.143093  9.057132  21.885602
A  1713.871786 40.680901  450.823181 369.912845  4.384387  7.738243
A  1914.333790 326.948067  1373.085682 817.361208  6.587528  0.332311
A  1029.933413 622.296152  1745.367693 47.896748  8.326050  24.928720
A  1352.768523 232.547226  354.772397 113.083986  10.417306  16.201606
A  382.904334 50.037457  84.364560 814.741841  3.357262  23.010183
A  1315.537327 268.076552  1370.972473 88.767366  6.970009  7.682953
A  872.805668 915.233360  476.175968 659.053383  10.946246  12.461295
A  1569.242685 867.818007  1841.276380 303.353611  4.188903  4.165161
A  1243.314640 113.975559  1490.521739 979.219949  4.019599  16.165089
A  1325.167953 933.535044  1363.763444 1056.155854  8.256810  18.916614
A  945.661435 480.897134  499.767026 563.818101  4.874026  14.418376
A  102.297521 536.040346  862.692820 236.434332  4.656810  2.351821
A  374.438566 356.976497  688.078931 266.242465  4.590706  10.575838
A  200.325614 954.537571  1913.188551 745.602297  8.763023  4.230027
A  274.813791 309.476765  1538.874374 930.103767  4.616040  25.304212
A  1520.154622 505.519370  647.277893 234.734509  10.718452  15.207909
A  1897.067612 206.267013  516.314348 422.143491  5.377031  8.522276
A  870.843607 585.302830  718.455229 600.456702  3.692508  7.289470
A  1129.723984 993.131500  894.619777 1040.526945  9.262661  22.541544
A  710.907269 262.651834  365.687155 181.518289  6.737126  0.295135
A  567.781587 295.301227  1398.047230 30.179397  11.275949  2.897382
A  47.585370 558.196443  1705.266741 161.457758  10.371808  16.019749
A  818.462686 131.468609  1451.471698 203.064552  3.850228  28.950626
A  996.406120 444.657729  1207.026343 793.889474  1.456875  23.706912
A  1289.472281 885.193250  136.134676 721.087395  7.739580  3.589811
A  1034.586136 205.433278  1424.204792 935.388829  3.824471  2.812129
A  1174.835282 14.275658  355.160930 844.796512  1.637765  2.734590
A  1697.314923 1043.549421  131.299317 885.832193  10.198510  4.740654
A  1093.808415 1047.915715  642.949841 560.001096  8.506996  11.996422
A  1085.806775 238.428414  409.889693 234.281970  4.194690  14.591216
A  655.310121 792.063323  1516.454122 321.999981  6.740247  7.888930
A  1522.018849 366.384848  1683.661760 1049.584494  8.936212  16.935023
A  104.905491 577.774374  431.885561 735.628800  7.602110  29.765753
A  1783.499204 467.135760  1247.731777 419.844132  10.533797  4.600605
A  528.655139 936.450646  83.257363 914.864251  10.723153  7.123928
A  1608.533631 204.304729  700.641528 1060.952129  4.161006  29.141664
A  1050.731447 697.240216  1867.504716 185.100507  11.186102  2.654162
A  1103.180703 12.771490  1010.341562 399.426450  9.963136  29.961169
A  1288.296484 801.512675  1509.904207 625.369787  9.639183  7.640694
A  1580.533277 551.083664  1645.140242 545.146869  7.882787  5.524305
A  410.701453 1057.955028  1306.303805 1076.302797  5.052762  7.609619
A  1142.269574 884.113682  1801.253005 376.694197  6.997033  5.838530
A  16.310177 1075.424154  918.842680 314.665636  1.104406  22.272184
A  593.038611 257.441242  308.021926 1014.239223  3.359556  19.787397
A  176.029954 220.651254  730.563496 792.980310  9.584030  21.715288
A  1387.599578 683.008517  76.486398 857.672705  11.055370  17.673968
A  879.558742 715.764336  1728.953230 387.579501  9.225409  24.601453
A  158.534984 998.316400  1575.816421 983.882230  8.544236  1.708894
A  1260.397067 577.510642  894.841223 2.078253  4.108688  0.931815
A  1645.023031 43.571102  821.438233 77.543352  9.980810  29.776771
A  1414.652568 1036.785719  1214.822574 487.125500  6.369121  9.527099
A  1407.182695 896.745367  44.334926 846.805097  8.424290  24.987728
A  425.890856 341.341636  477.048853 248.401318  10.043961  3.693604
A  12.483461 570.456095  395.748406 1046.033433  5.887686  26.651501
A  1117.406418 149.557551  606.168345 1063.159154  7.546233  2.673598
A  1770.475928 941.015206  315.283245 21.820623  10.708867  12.480529
A  717.567718 658.043876  1561.362061 567.762727  11.868039  11.182602
A  1763.777422 1047.826035  787.972742 445.383161  2.656701  16.041601
A  82.303313 443.035848  1265.870920 162.807525  5.278149  19.950112
A  907.178624 203.213743  527.483881 403.688730  7.219331  12.011774
A  1763.217125 1013.281424  859.431608 14.909550  10.213790  7.329771
A  683.946907 165.140457  1118.474398 911.633861  7.188216  7.899925
A  483.718507 567.214540  1566.377154 783.871946  11.416809  15.604745
A  931.448793 888.581152  226.015150 306.707527  1.760574  23.032018
A  139.200177 170.385013  985.795587 952.907384  8.200775  17.651921
A  1254.667212 239.233327  1324.843411 475.077679  8.886365  24.423710
A  321.532750 923.870819  488.167601 138.228879  1.796003  7.041172
A  1140.418373 41.832133  667.120195 1047.694609  5.711382  13.232549
A  1388.066143 626.078419  1020.419823 537.399154  5.839967  19.735542
A  21.753650 970.930769  1477.944692 435.573469  2.400485  12.105836
A  1653.556775 485.970319  1278.925507 741.961100  8.542998  3.711405
A  1875.584194 402.830573  1314.006129 850.035152  8.708436  19.315817
A  1392.411614 495.712173  1023.355357 255.319436  1.921236  22.904491
A  1903.250800 992.512859  1347.899532 759.382762  6.876969  10.910567
A  625.313771 664.952617  1496.691543 371.136380  5.144703  15.711394
A  1647.675125 741.426066  1183.463599 672.606474  7.704556  22.416751
A  1285.816482 938.083284  833.468835 46.771453  2.010035  26.141435
A  1562.330847 285.464993  224.742477 431.042212  4.847208  0.396678
A  58.468586 530.094706  556.740348 1061.405825  3.543242  2.560674
A  22.786510 29.449767  34.393569 979.845131  6.569320  18.571014
A  1383.912614 904.108363  311.599268 197.611076  10.467867  28.777034
A  690.852735 955.296236  1561.670675 628.359133  6.299325  5.045557
A  1742.394712 870.047453  637.275118 380.085169  6.115582  16.230473
A  1193.916482 401.035172  1608.638688 485.860146  9.871850  8.579525
A  1497.221472 1076.143658  626.927032 637.955979  8.258317  19.876016
A  830.360141 616.309801  937.024320 708.156133  9.585690  6.832097
A  914.550376 408.367556  1454.069269 228.547973  9.711756  7.969736
A  1896.687070 542.947585  469.100490 102.470489  4.856878  22.620002
A  1631.244658 282.370063  728.305856 487.097662  1.023044  21.856965
A  41.251807 413.302698  655.543286 826.146961  3.706199  15.696257
A  432.196556 958.005752  893.266880 921.995103  7.810092  25.880300
A  514.586032 3.197128  1113.103957 1074.101631  5.722019  22.254909
A  667.107341 357.342365  1047.922211 567.044752  9.755877  12.047937
A  255.025019 705.812015  1553.817184 348.232287  4.203416  25.621879
A  1208.335719 424.058821  786.883198 970.695046  7.855938  23.484863
A  1699.107889 505.933907  1916.698874 99.821908  11.755968  26.919218
A  1618.741404 585.528059  240.141202 388.825543  8.128910  26.274971
A  1766.700219 788.639502  1507.212809 158.744711  5.665300  1.033933
A  506.783025 129.760106  1312.103220 705.319478  8.956672  2.977283
A  1495.788099 865.815198  1248.166978 630.075454  4.519588  6.079212
A  1622.251433 714.434561  1869.120733 707.416847  1.213600  16.158396
A  277.728698 290.968192  1414.800808 1061.431750  7.411837  17.323193
A  829.752405 121.737742  662.585406 907.361065  2.068191  26.912195
A  249.756264 503.590645  212.453180 545.686889  10.357749  1.326011
A  702.767721 501.514975  302.920785 349.690538  8.373734  11.275604
A  1172.261621 160.036663  1148.993111 309.653797  7.408381  8.661690
A  1269.340559 330.055270  952.666567 254.864007  5.844497  11.483789
A  664.718247 624.121947  477.022072 113.801457  11.843994  13.709282
A  1602.665686 409.019122  139.059264 197.671209  8.694175  14.127929
A  960.254250 595.196445  70.573769 585.769253  10.731620  13.973279
A  71.568491 816.315859  1631.789092 947.051209  10.109971  28.485491
A  1632.411906 314.396441  534.410029 341.361806  8.812280  25.259281
A  1129.093127 338.640348  478.111728 232.998938  11.514940  0.900621
A  1096.922450 409.337360  1429.385717 13.659036  6.455309  0.012663
A  1763.072968 467.168973  27.422493 77.993509  11.222328  21.055272
A  1858.608591 321.146744  589.188911 506.205881  2.229163  27.235064
A  1086.942767 492.384107  726.469541 54.991159  8.141681  16.050430
A  777.101767 392.880789  237.979461 817.972959  1.467662  11.123981
A  526.220354 738.224042  408.642348 181.466831  6.459572  9.642522
A  1086.824503 475.353582  700.443056 1010.772309  6.519943  24.440322
A  826.862144 898.542774  859.798365 362.577422  7.427287  28.226321
A  489.085897 147.618771  1794.221201 834.545138  2.762897  19.329217
A  365.820484 590.073467  24.013994 394.287512  8.708260  25.690079
A  1658.618121 216.861023  819.758979 543.171020  8.748040  15.728824
A  1027.496618 512.506197  1338.517394 983.832280  6.487393  5.827452
A  730.415541 1051.882071  1808.256260 94.997517  1.828390  7.598251
A  1760.160978 619.965824  1110.315729 575.240403  3.960274  24.160656
A  1866.950507 440.898237  1118.504106 261.020706  4.853416  18.292253
A  337.206010 532.163573  732.328331 970.651260  11.549230  4.599738
A  1414.262756 401.167126  603.238894 495.136603  6.562750  29.640982
A  1087.300085 74.642083  1090.354894 734.315868  11.842194  10.356718
A  1825.838214 109.080843  323.430655 807.554428  11.992331  1.546539
A  1196.823412 521.152289  672.236749 500.178244  8.026665  0.430192
A  51.367104 394.372851  669.593298 718.389833  2.587143  27.164725
A  294.565779 412.935560  997.846861 341.570805  4.277925  16.084166
A  1657.134115 537.108660  360.604113 294.653380  11.790290  3.333832
A  1747.569426 1045.918252  1455.245110 321.234396  4.225579  14.399752
A  1101.157114 697.492496  906.660265 1049.310776  6.788529  27.604274
A  1098.360564 499.049293  1526.130334 734.649884  2.414816  26.327505
A  353.721956 923.017864  652.446334 876.503132  5.022750  26.205550
A  1614.668568 297.932594  1231.701780 596.573069  2.212014  10.493296
A  1212.468924 880.231268  1030.525056 170.610199  3.712603  10.261046
A  1139.092652 329.640964  532.363702 78.451643  9.978625  19.207187
A  1531.761365 948.498202  922.544152 1030.033982  1.449339  22.141474
A  527.689083 143.222680  19.100575 247.510442  6.789971  16.446225
A  1299.416954 533.985419  273.259507 906.418405  5.757638  18.926193
A  1062.424580 326.384365  1197.650541 1043.571753  5.855552  12.099966
A  1626.321929 755.971209  1096.505758 888.185684  10.786253  16.598934
A  1651.959990 951.287997  432.825478 7.389413  8.511891  4.433723
A  1434.600633 607.687313  482.901213 1011.512026  9.067250  29.411271
A  874.611597 630.046063  1364.464961 470.896836  4.829143  25.940572
A  148.239077 1076.485278  540.733782 320.112803  10.434050  20.395395
A  288.520410 829.449024  1882.274895 104.217451  8.254136  28.067713
A  299.519231 857.866533  912.348336 424.905057  4.843786  26.101119
A  1699.149716 46.531206  1020.958031 112.412149  1.721589  12.268730
A  805.144919 350.814721  1245.945781 7.539687  2.609503  11.174321
A  1115.908445 908.968525  277.170747 862.252979  5.287870  20.182906
A  824.880068 107.402406  951.453330 299.990445  11.903604  1.120858
A  1359.808175 54.518561  657.521870 91.847333  11.882112  8.663795
A  1749.597601 915.472786  1285.030456 404.468486  9.257733  7.540798
A  1886.675258 412.487377  550.109530 929.003289  2.898684  25.827863
A  186.802263 421.675951  1007.541179 1077.406552  9.595327  8.344424
A  1885.371190 694.194433  58.275445 370.339532  8.335710  0.692639
A  752.292322 844.808456  1523.885786 648.262978  6.631049  13.288321
A  1257.847153 967.069310  56.649449 240.312563  3.928699  27.441212
A  1570.251476 854.107058  13.216148 781.850445  6.642280  27.434040
A  1116.256807 71.815855  1522.869044 873.888293  1.920828  12.696579
A  363.394569 364.308109  1300.043542 545.765454  1.858930  0.114578
A  1779.322120 39.703328  1594.188364 19.879862  4.533137  12.241835
A  1647.952598 102.968073  1612.147725 576.400904  1.297460  27.190855
A  1274.671900 151.670097  1345.504212 1027.993742  9.154755  24.334577
A  1352.969128 221.748017  262.094576 340.804971  4.533662  4.867618
A  1588.175931 621.758722  399.874471 838.180751  3.049195  26.004572
A  1566.614633 740.012886  1788.817131 682.566154  10.651117  12.375791
A  1910.193305 330.399148  562.724619 118.442309  6.388439  3.468212
A  158.431831 150.709170  1725.521325 978.782101  11.529757  24.164772
A  492.510067 113.478460  88.432145 877.002402  10.371333  13.294983
A  941.374895 583.130908  1876.468342 339.650901  3.277440  14.103570
A  794.086184 418.135837  979.594245 916.362195  10.790001  13.806331
A  1781.782695 146.607686  838.411710 441.767559  3.093947  4.070064
A  1853.202144 140.994531  1036.629210 610.519884  9.262553  22.825708
A  1246.808856 850.052128  1405.373807 1028.139942  11.036669  11.485757
A  1907.171805 1022.350527  957.037136 221.731353  2.407950  15.482055
A  618.605796 958.297014  1629.912263 82.731203  2.495329  4.619122
A  45.859011 591.808581  650.287584 535.066411  6.697881  23.009478
A  935.016744 549.796242  133.387704 188.490455  9.620042  26.845861
A  1639.681837 314.861015  1343.185424 1016.173908  9.193342  19.442099
A  721.791904 573.678961  1327.036917 740.896565  7.496288  6.488932
A  271.338054 307.539685  717.359884 420.352711  9.891594  7.137476
A  24.368079 626.447877  1175.041240 38.903815  7.840727  17.076619
A  607.004664 996.152394  134.327256 321.527125  11.990948  27.713723
A  1215.910225 417.905348  1270.697416 417.572842  7.264937  16.826610
A  810.651364 128.334866  1846.762601 173.555674  6.899874  16.920070
A  910.833762 619.591027  418.823005 264.661397  11.368463  26.585827
A  674.906420 261.420933  1296.647025 980.021265  8.916725  22.706466
A  838.436472 411.224746  1121.619992 865.814555  8.546938  8.055442
A  393.636736 406.039279  134.666152 321.790579  7.967557  6.678972
A  793.941865 350.821533  331.499111 820.226319  8.494248  3.482693
A  161.165276 77.386717  1860.727758 761.705855  7.455058  1.357650
A  142.392784 434.308506  621.350336 472.822601  6.019044  27.997626
A  1640.351533 79.598271  1838.315638 132.634724  1.148624  29.682300
A  520.054325 404.744766  1598.317173 596.050825  10.094406  16.824669
A  514.288160 869.010621  1767.539280 203.612894  6.686648  24.418553
A  465.232686 360.314464  1148.389620 614.793340  7.399667  8.444045
A  1882.128171 843.508951  1725.433354 1015.368561  3.629434  21.615130
A  335.081648 288.085895  736.471509 115.384572  1.502087  27.865511
A  1909.298490 918.325006  1634.674446 216.622879  10.681419  17.873340
A  618.907314 600.300938  1881.540437 946.440863  3.330444  4.723347
A  638.343249 155.438238  10.501340 192.370262  1.902618  6.581992
A  1545.674526 1067.622921  1020.359622 816.091277  4.277461  23.218998
A  1623.610186 413.289635  214.920949 1072.222501  7.426255  7.631318
A  339.669298 763.658116  555.743761 591.381892  11.807845  7.749697
A  1102.062799 766.007051  396.397146 46.561458  2.518094  15.338329
A  1200.143052 141.559618  764.674384 882.519365  7.241076  2.601413
A  1750.407643 490.972619  440.582996 648.737538  1.265096  17.356141
A  478.613805 734.137083  121.015938 420.352167  9.765445  15.824535
A  1268.603217 626.988314  110.358652 419.066296  5.194359  25.194571
A  1511.156515 91.061988  1566.636482 1043.759564  11.973687  14.759422
A  1320.763425 840.628333  1007.537656 684.108780  2.384797  0.520951
A  520.335842 818.638813  361.483329 874.012041  1.100582  17.076073
A  1444.776481 1015.050762  681.698677 97.808856  7.818545  13.748071
A  1143.746954 795.986067  37.681357 530.336110  10.115825  29.913318
A  864.618301 641.138971  753.813335 440.455651  10.838826  21.119570
A  1150.732780 941.493220  1697.372665 788.951133  9.564341  17.976752
A  1537.909310 474.490266  659.919776 1013.057066  7.439848  15.301010
A  1495.870570 193.974024  1618.696483 889.478391  8.070029  6.243942
A  127.219630 786.315634  1425.609745 808.318256  1.559009  15.043872
A  915.359223 496.802279  317.668031 165.012503  9.975007  25.868774
A  1858.951635 873.851266  13.130040 936.720381  6.344353  12.481889
A  819.610602 122.662718  583.099050 557.970853  2.906537  19.748929
A  968.458585 889.349936  210.329951 836.635483  4.421202  2.663794
A  817.701743 616.023800  1347.591811 82.137830  3.065851  4.863752
A  40.076266 55.619896  1241.751839 134.805925  6.204797  2.731888
A  1046.846741 844.479132  279.096408 957.740856  8.383193  9.312216
A  1332.892920 372.778139  7.041663 178.458584  10.106556  10.000585
A  1315.259223 636.237188  1860.143737 382.474599  7.750443  14.076531
A  1136.621584 794.624921  384.902559 512.930279  1.909675  26.536975
A  1474.439022 728.943034  565.967252 542.419260  10.505199  10.400150
A  221.530137 529.133423  1796.726946 121.224139  4.858930  28.228294
A  536.877696 351.214788  902.254102 204.088105  11.854967  1.931583
A  837.856161 249.477566  77.317374 909.403247  2.185625  2.139641
A  1263.306187 828.705224  876.292495 855.977258  7.539893  16.811975
A  867.150990 417.557526  989.857945 243.867470  6.094779  9.115173
A  1164.956790 931.518155  470.248332 880.474407  4.788338  11.115378
A  923.095100 287.367247  1883.827502 536.499442  3.083166  15.675535
A  1120.597245 1045.887150  1538.924820 960.102017  9.682290  14.446953
A  1669.550938 166.319661  725.240271 134.071017  6.862693  2.381595
A  298.190060 445.518039  1658.477425 454.424317  8.532298  18.014181
A  32.572176 839.812701  1862.358984 498.638567  4.698215  29.815951
A  1552.602168 288.463410  678.780095 308.382185  9.874711  28.856883
A  438.224841 557.043535  1146.811692 625.911244  4.655171  12.916346
A  1486.033275 1054.676823  1247.362409 723.036636  11.164297  23.653690
A  654.782321 343.868047  99.821618 756.087889  4.114026  8.662008
A  806.100245 198.815414  1176.189117 746.704083  10.263854  18.649629
A  868.423108 311.036516  987.157598 55.971655  9.371679  28.140553
A  1619.276054 136.119584  814.704189 608.298248  3.323108  22.832293
A  1450.104369 1073.495187  556.712569 315.750038  4.615368  19.120449
A  1122.955503 785.279131  1856.904546 692.397905  7.682800  4.742710
A  381.210328 1078.362478  629.267320 1043.547839  5.611519  19.196666
A  150.395720 769.248397  1326.514934 429.801144  9.036599  27.943070
A  1094.814956 367.450350  872.020143 446.670510  8.090206  10.578128
A  1645.447685 589.112601  1252.208062 199.259882  7.097612  15.547384
A  1166.223319 568.840060  107.187950 227.574959  10.533996  23.360095
A  1558.247420 10.230347  178.588842 571.150183  11.641596  8.741720
A  645.039042 783.730876  1205.798054 362.297082  2.475517  24.691489
A  90.540355 970.944282  9.787112 369.843839  2.239209  6.349973
A  1088.653741 713.734808  933.554301 135.108986  7.667664  10.935253
A  903.903480 227.358122  805.022665 390.872087  4.221426  27.355171
A  185.491194 969.087686  296.319397 789.801262  3.511235  9.043554
A  1515.026183 922.874778  1760.949437 590.259168  9.454703  10.420724
A  1403.632797 562.531566  335.539228 794.902856  5.431064  6.696243
A  754.611007 166.911687  1539.915140 611.133279  10.761279  26.124255
A  1187.827666 856.766044  625.223530 116.126136  8.809874  2.846653
A  114.768400 597.426700  619.186819 808.720922  3.920061  27.653907
A  1738.156281 925.761123  717.763091 437.296756  6.041814  25.975460
A  647.044419 587.214805  1213.741068 813.321369  9.777137  21.341582
A  206.519344 663.664260  1310.548786 855.088940  11.651050  15.634316
A  627.447953 897.069124  1073.033097 371.636467  10.932519  1.251603
A  583.030353 713.408458  1533.545686 180.654616  6.710175  13.641816
A  1588.034346 550.657647  689.123283 942.316528  6.033278  25.594379
A  901.501498 17.631877  1603.172083 628.813529  4.851016  25.306140
A  1792.217225 646.312855  1275.139228 183.576794  3.844516  15.657653
A  1020.957259 984.278848  318.708819 946.496605  2.962800  29.740661
A  759.745156 301.796136  1729.726964 410.767016  2.159863  28.926738
A  1381.571622 194.556005  1473.649758 345.484143  1.624355  15.043433
A  366.619956 659.717543  1043.034832 736.325425  10.843461  19.087490
A  982.792212 640.500902  13.866627 1075.684150  6.437196  18.612853
A  1580.725301 311.949151  245.796808 667.243052  5.362257  21.040774
A  516.211684 795.431350  458.471123 75.043665  7.556131  10.231870
A  874.252628 23.987448  476.861887 399.501966  3.482002  2.304342
A  771.243494 385.480983  197.473930 416.798448  8.942168  20.523592
A  665.793619 101.286405  1303.483920 794.300135  9.482463  6.713981
A  1221.932800 1036.305840  1539.593910 769.436996  1.965959  7.032047
A  1696.959877 550.156113  567.004200 494.577687  1.783221  27.694766
A  1765.623529 663.870110  1160.176915 139.766300  5.285969  19.378207
A  704.596643 348.989274  1565.409547 281.822734  11.977153  0.383867
A  1008.814183 360.233489  193.814359 512.042250  3.641276  9.380114
A  1494.515819 728.148046  45.383749 975.963808  7.523435  23.038909
A  1796.664506 570.900620  622.441312 864.792555  9.951665  11.263335
A  1534.845200 795.183266  1008.980635 421.071283  1.870779  21.749196
A  64.496349 1066.609588  1077.022860 425.415070  7.127810  17.326626
A  635.667897 591.033419  1863.620343 410.296295  5.314380  1.744735
A  53.150420 176.463813  220.430507 644.890774  11.087478  24.686297
A  1062.687330 476.532699  1911.308015 347.293824  10.232184  29.996387
A  906.828474 363.411547  1729.289343 529.999400  11.931638  28.178775
A  1084.610783 204.366010  1470.424872 116.093776  2.768171  24.817098
A  1401.712658 682.916912  1766.708729 298.074826  4.007430  18.805154
A  1587.181229 617.142768  477.118718 244.583891  6.009926  0.511686
A  1054.622518 567.085837  389.761755 69.536628  3.999688  12.269944
A  1415.673025 246.808222  440.154639 930.489795  1.274456  17.172589
A  1301.424595 1034.111818  508.547320 705.144979  10.502780  27.425418
A  1136.960770 831.055157  1873.114624 230.515927  10.688564  18.414713
A  730.307256 226.246104  239.697854 357.668059  8.183581  22.280479
A  450.906136 527.015861  1281.949460 882.002672  11.840440  14.682123
A  1903.107879 651.737882  1345.685011 429.499518  11.246917  9.952196
A  305.634629 239.233933  849.432833 464.438710  7.294554  3.536719
A  706.003629 605.713419  97.743359 258.010353  8.144003  11.401956
A  1768.358475 84.088078  1753.630160 1043.826368  6.676154  21.567000
A  82.355521 300.116637  1570.567023 679.715168  9.869289  4.763808
A  842.861464 177.036584  1219.135320 739.004473  2.023575  6.335338
A  1571.332057 558.835252  686.990421 1054.703243  1.345818  16.253077
A  1731.753279 600.217802  1603.293211 372.324543  5.489064  23.031597
A  1002.499355 991.587450  1064.078715 597.308068  3.389480  4.515732
A  1025.744142 951.029186  656.826679 670.684793  2.807702  17.583671
A  849.538338 202.722937  1099.944065 993.454760  8.189795  11.688405
A  668.822425 278.472062  192.340984 308.802411  11.007096  18.681104
A  369.591659 420.669525  1801.052524 283.110480  11.558771  22.828666
A  1525.153595 52.377540  1546.813776 1002.826169  10.553063  5.459103
A  1311.862627 994.580123  63.713819 688.619343  3.087710  20.590300
A  125.921281 203.658359  926.519681 791.737151  2.890565  5.321039
A  211.446282 173.868756  1774.392312 366.224937  1.982414  26.400175
A  644.060687 981.922065  1738.369420 384.419311  10.062149  1.666024
A  1261.935406 995.082861  870.033489 26.804271  1.271154  19.103445
A  871.460401 1061.404172  1648.800831 105.833190  3.779728  6.459994
A  1240.247155 300.675444  1163.716844 821.629598  10.531187  29.615451
A  1340.966606 588.134148  958.896147 724.068961  10.148116  3.760564
A  1271.391649 437.981540  805.543343 845.588986  3.698403  16.534568
A  1134.281669 444.804425  1029.666754 103.252426  3.960624  3.836785
A  510.219023 468.704575  722.832737 702.794726  7.087621  12.478910
A  1200.778223 608.164558  99.760972 80.554683  4.470331  27.080466
A  488.439517 772.905056  1350.961531 873.847943  2.635633  17.302677
A  848.187463 248.176184  1008.368099 871.762122  8.506911  5.940154
A  1093.047520 307.406352  1589.133192 60.716674  6.510759  5.773162
A  1594.265236 800.198395  562.406459 684.342506  1.445339  6.029885
A  1552.614858 126.864503  96.280283 784.454794  10.828039  3.582946
A  575.377211 522.993670  205.675538 648.457131  11.578603  19.181080
A  521.246950 711.524509  1685.449463 655.987582  7.014308  21.054537
A  8.568807 498.195186  1047.711460 393.093124  11.256847  12.969023
A  1849.385648 519.966738  1007.890425 520.330622  7.277192  15.551514
A  1193.028796 686.608690  467.514429 1034.589214  5.747334  24.279645
A  1533.642678 486.741321  1066.129716 923.044901  11.904124  1.418683
A  425.915721 272.623747  950.318058 768.001288  11.674562  19.212620
A  1318.084733 1047.282993  761.258650 638.687226  4.474318  17.000224
A  1261.130201 596.336362  1346.615411 277.216674  3.365285  25.060833
A  1547.088183 899.302958  1152.190153 455.760247  2.598810  12.773518
A  236.999957 709.911591  1306.648422 902.706335  3.066436  20.416663
A  874.917132 1050.753738  525.249519 1018.861755  3.435227  6.694131
A  70.798698 336.932756  1151.732636 33.085234  8.622007  12.840280
A  175.952635 346.290740  1748.173158 399.516956  9.259540  5.081741
A  183.519778 586.599691  388.582947 197.947527  9.855950  21.445842
A  1525.685329 1026.139133  232.816159 696.262540  3.735903  7.848826
A  817.580833 1048.159318  3.144844 194.469116  6.430639  2.560477
A  814.488973 626.442405  414.134339 54.638156  5.899325  2.138392
A  1677.755267 469.942444  1306.589199 1026.973752  4.280047  18.181738
A  1233.679109 1000.681407  1508.453451 67.093513  8.601050  10.179335
A  863.854395 641.638308  299.764228 273.769329  1.894281  12.225262
A  1313.906360 463.960879  44.989438 281.546598  1.270020  9.670015
A  513.313621 139.929372  1796.584123 585.423232  5.750667  5.952721
A  296.127897 466.512655  191.449660 664.130021  5.357960  10.073746
A  711.006695 862.022061  580.990265 516.082508  4.490510  0.669957
A  1166.140488 672.608472  720.101067 83.274768  2.635159  25.973222
A  1049.960635 1068.356666  852.002786 596.531151  9.230593  14.588767
A  927.529033 431.553637  1664.302103 907.792847  1.685478  3.257997
A  1269.117670 189.656636  15.294267 847.250183  3.834318  26.838309
A  290.513352 280.070397  728.486555 332.513818  7.736785  6.429166
A  870.436261 801.097408  315.674642 627.825366  3.200401  11.447990
A  962.262557 773.683323  1267.955370 218.602570  4.160923  8.135649
A  1526.884307 323.739729  1726.777473 667.876510  8.645333  10.296664
A  1837.040688 449.798814  565.455796 661.984768  6.602315  4.477853
A  1698.338968 516.766671  1753.519427 173.991772  3.841429  14.004004
A  1033.204893 615.895106  1286.237448 903.075079  7.506192  8.265171
A  736.836818 308.927654  246.494528 1041.615135  1.298585  14.265289
A  824.902772 773.783234  647.505802 330.115984  3.719052  13.058877
A  837.305753 979.416318  1094.415003 61.384734  4.795085  21.331089
A  1581.980666 282.544116  1523.004722 218.605862  9.929877  20.278067
A  1647.721875 821.564308  1734.225383 476.388850  6.389245  26.277180
A  991.835720 65.346064  600.999837 6.463189  8.965015  5.186721
A  1693.819878 971.737117  1578.503229 544.441036  6.618942  21.841461
A  1615.093819 496.272440  618.522976 313.301696  9.124951  16.090925
A  1386.802656 326.799830  608.444598 9.423014  6.592204  15.918142
A  1851.020363 270.936886  960.910597 533.652876  1.421025  3.748985
A  776.286817 464.143487  1866.673432 616.594488  10.888289  22.361515
A  1263.939554 297.954401  500.181457 104.268832  5.456048  20.510751
A  935.219442 851.878910  1408.223153 631.848704  1.978833  7.568564
A  1407.901158 496.769330  877.023395 895.465248  1.608668  7.545741
A  146.068992 253.799167  1199.385217 826.967871  7.699113  22.084676
A  1315.646601 147.933223  1161.096486 216.805006  7.731153  16.912268
A  356.528572 414.517209  1741.848633 919.426935  8.141784  1.605108
A  1771.173365 8.048686  207.559479 607.271945  6.439383  9.774248
A  1105.048874 884.264668  846.075747 228.450612  11.905956  2.730651
A  1532.075669 931.534828  1443.955859 489.979419  10.807411  0.549650
A  1604.965629 1012.059753  555.799327 1068.283503  1.489222  8.909476
A  516.789664 615.392898  77.598705 372.895470  9.741958  1.245091
A  307.237410 119.712664  417.295869 117.319266  11.656626  20.182545
A  198.719879 383.709735  1071.242046 131.537942  3.928720  3.530056
A  88.488488 1056.815061  143.613503 1069.480128  5.568855  6.618834
A  1071.117399 775.070772  198.229074 846.428699  6.249487  25.650295
A  842.497675 1007.720409  1780.297623 276.288374  7.924211  18.230940
A  805.451676 1061.185730  1355.824731 269.987230  3.983514  17.977012
A  1222.174002 70.369433  1686.661958 691.214670  7.923621  15.486742
A  1297.730810 90.569685  526.247725 715.739563  2.697808  22.312168
A  104.209570 323.362079  1389.000596 287.366239  4.291596  6.898520
A  667.376716 231.225173  1690.680417 601.126643  5.163518  4.069666
A  936.425159 178.145115  1688.338905 304.895748  2.389437  18.273026
A  1706.797670 588.291796  1530.530360 855.810852  10.832017  11.742231
A  768.647385 87.448428  175.898160 317.961301  7.178836  4.566094
A  629.026416 659.911139  1394.148308 409.307784  2.222013  4.504595
A  1458.182416 83.290046  1685.201321 635.585848  5.082751  2.199946
A  1401.762067 1017.586663  666.499931 696.115917  9.310720  25.686210
A  469.807731 553.961049  1834.227528 298.164444  1.877113  14.090445
A  829.424637 720.291510  1711.531951 634.299187  8.297561  16.406336
A  1654.883921 551.211906  1865.648060 600.422004  7.330339  22.682555
A  516.830482 694.135848  632.138033 205.431994  9.971596  9.952213
A  1343.319658 63.079277  635.759641 827.813259  6.652677  0.241750
A  127.279057 345.033407  868.912120 304.502268  1.046211  23.062217
A  1533.837990 843.540029  1070.266117 818.418726  11.878503  4.755441
A  786.351734 514.118730  1019.595798 945.235295  11.681893  25.996283
A  295.784459 884.534367  1744.443554 192.775988  8.592876  7.717153
A  1581.135531 702.581626  1500.382826 594.166647  5.875464  3.906690
A  688.230319 6.148918  265.610435 850.609780  6.255621  18.977406
A  980.505405 991.219412  560.173256 451.387114  4.091507  1.156291
A  1314.795854 440.854496  581.825716 643.136526  7.675180  20.111250
A  85.198517 797.278538  1900.624895 865.701094  6.491550  28.986042
A  47.187266 484.665366  1462.807698 917.268944  3.152751  15.501092
A  1642.813571 13.057705  1658.828098 239.105067  3.629998  5.658834
A  86.040475 762.410043  330.610490 34.535107  8.788508  5.977994
A  1819.594824 639.428347  1269.823459 14.720133  2.117596  20.660943
A  1102.329555 266.724219  620.400354 588.062615  6.371409  3.550618
A  423.987539 771.354015  1802.867937 51.259513  1.050281  2.637365
A  1225.866571 54.014509  1161.464094 211.350678  1.049317  3.750628
A  1420.836075 593.795655  1203.657679 687.207334  3.749602  0.738759
A  1108.704524 30.406051  446.742662 678.892707  10.811825  26.892294
A  41.681627 159.271875  305.600034 519.425055  2.729827  6.632529
A  933.737121 736.136793  870.272523 175.516739  8.131889  25.297854
A  497.513102 351.860024  613.326524 847.862669  5.221095  5.416771
A  1800.573099 228.480956  710.077157 597.610042  7.850381  19.076275
A  904.201385 911.275337  1838.952945 715.798992  4.334482  10.520256
A  351.830501 628.931233  1421.081193 1077.752418  9.766479  2.465571
A  1223.604421 75.523672  1604.004098 1032.086123  1.217667  2.573171
A  21.015976 795.308951  768.017017 250.587038  2.875422  1.839810
A  1894.894156 170.064057  689.487215 952.697458  1.061733  5.273358
A  752.784156 24.612444  380.883880 327.089390  4.990130  5.131292
A  1104.905738 173.295616  127.145931 420.925578  9.150096  0.422837
A  721.784938 311.483668  170.769274 709.314470  7.936946  18.343960
A  454.395786 50.339389  1003.772495 356.719856  6.675461  16.634515
A  555.001992 212.470977  1680.496096 1017.512894  1.309743  22.816323
A  1718.396431 580.688294  547.012168 548.044446  5.709888  21.208476
A  1431.498378 827.289041  562.996375 493.088619  4.103493  12.974463
A  409.595427 16.837996  946.033463 15.066088  7.349553  17.188233
A  1560.082401 522.063543  989.123191 766.051509  11.699839  0.431297
A  964.117705 969.477635  1032.113626 748.853046  1.143138  1.179699
A  1305.382619 269.041696  565.886559 585.904282  1.865926  1.745640
A  701.938853 1023.767110  57.342441 384.779170  11.244211  7.561553
A  157.705781 306.524153  1768.965899 894.729559  10.496235  13.526515
A  1436.218872 670.213135  1539.416071 96.657256  3.299303  5.476510
A  457.826141 605.571007  1621.910066 521.361526  10.759120  15.129799
A  97.750100 575.074587  1209.207791 168.096252  9.164560  29.049784
A  1601.769668 263.588370  1476.197565 240.820468  7.502798  16.785108
A  717.388203 230.917029  764.730124 923.162347  7.500667  27.037588
A  1912.107477 837.633520  1358.246935 509.336225  6.426503  17.296673
A  1318.154995 368.898855  1891.374826 804.893767  5.052083  17.826594
A  1272.368098 602.386692  1358.182255 982.086680  3.498522  26.486552
A  1777.459260 45.758129  1444.679873 153.510181  8.058224  1.283225
A  1424.872858 438.547288  960.986047 918.781145  1.727124  27.673929
A  946.025180 1069.516974  1450.820846 892.291391  4.079757  16.056302
A  768.870728 491.444589  36.168176 23.734695  2.970835  2.541799
A  257.007574 88.225886  1581.395494 354.821151  6.524087  11.160536
A  630.969413 590.582411  1428.498202 471.915243  9.004720  29.763267
A  242.496763 765.253503  919.165252 267.621755  3.612152  28.200270
A  1277.103152 168.267289  30.850191 1076.877228  9.331824  25.456640
A  494.053462 140.675019  1465.441423 676.247629  8.869313  8.001600
A  1439.319479 69.197424  688.994263 754.297752  11.777981  19.212123
A  1570.109929 531.786132  253.229950 106.855740  1.884774  13.483696
A  850.020652 274.790679  956.876355 1065.412380  1.387971  13.927997
A  645.996674 717.352143  1141.515264 730.947615  1.315074  19.378893
A  1413.282744 926.279226  1597.764193 231.389010  1.500045  17.279741
A  744.788131 704.748307  922.832627 123.428150  2.612600  12.715569
A  310.858962 1075.100110  696.014663 538.624941  6.191018  28.762442
A  652.403446 396.878811  1676.595982 854.126380  2.562786  21.102979
A  259.209425 325.196403  236.440423 671.683382  7.169378  19.054939
A  1770.327400 547.146949  206.119430 316.773893  7.098953  21.021193
A  727.313031 277.546774  386.316225 83.077343  1.779406  21.062208
A  1011.450819 434.072983  1631.716403 567.490304  2.181138  5.899883
A  882.739907 196.114383  1668.653189 368.160477  11.537869  27.197826
A  239.062745 557.856339  1308.511688 572.725562  10.703128  26.970284
A  1575.418096 835.352704  130.153392 15.614108  1.085307  23.971223
A  890.956883 946.675137  146.014331 128.530889  11.386823  10.274293
A  1559.466525 1049.195680  292.320289 969.455730  10.062273  9.382685
A  294.421832 163.661552  788.073555 1038.358130  2.212352  0.340368
A  1289.257201 627.279871  1518.434023 1048.909228  8.637982  21.587667
A  1783.402900 231.074252  365.733696 413.477177  4.275472  24.364628
A  1438.116006 1023.720095  1472.007925 500.237855  10.926811  12.212967
A  1775.156572 656.621517  28.740726 855.505135  11.529516  15.058884
A  821.064913 902.083707  672.899076 1074.571087  9.339885  11.345947
A  1402.894353 509.841668  1318.015810 627.430416  7.847601  28.277287
A  1238.717448 999.828174  1028.679270 21.313886  8.346798  2.855424
A  266.617538 179.275563  647.596594 554.466706  11.771162  7.966409
A  1618.752529 894.207955  1874.647655 437.573222  7.606227  27.154876
A  775.469613 757.062587  1380.953055 570.337237  3.117219  4.058376
A  1505.451435 796.193325  817.766347 242.367067  4.980398  17.716036
A  1788.647841 602.253578  1107.577413 990.168326  11.097303  15.965529
A  82.768870 338.886368  66.158278 63.181728  7.709181  0.121835
A  45.942855 453.367947  1308.826232 203.354772  9.270190  19.647863
A  943.570216 431.053274  548.877041 691.965902  2.219766  12.544656
A  1133.782671 342.556681  451.900820 7.587127  1.144846  8.011566
A  479.083529 843.640171  1353.805437 312.254724  9.266085  14.026080
A  22.971387 901.095476  1203.810155 807.786149  11.905072  27.480701
A  1125.090751 247.204545  1160.891105 995.344204  9.092081  3.223012
A  1894.240189 368.340529  1611.580204 323.347084  10.672996  0.830729
A  604.840789 823.784646  765.281386 912.953500  8.323846  21.273870
A  686.706681 995.316776  1515.043137 920.630241  1.591166  18.866686
A  1144.173597 150.266921  1217.102617 363.419702  10.769414  6.301547
A  1121.000689 1069.297871  521.362949 523.910042  10.703728  21.005890
A  1308.344522 848.268653  545.504832 290.483051  6.078299  29.625445
A  523.776671 112.924122  134.140326 441.078621  2.364817  10.598622
A  867.686324 569.694864  988.940036 33.411171  3.575022  27.539839
A  1558.038430 711.819552  618.723268 647.093326  11.017934  6.825169
A  350.154391 1043.026894  640.637305 6.437017  8.651449  4.231937
A  1455.420765 432.234856  1267.108877 288.546359  11.868575  12.720154
A  672.435154 260.794632  1428.523889 736.963174  3.960508  20.359138
A  687.455636 201.762310  1607.819234 471.623842  4.319723  2.243784
A  938.451860 409.746804  1659.187335 881.799230  9.986309  3.310834
A  779.631710 330.220972  188.077754 929.383627  9.105297  12.800994
A  1197.435410 397.779998  1485.260489 449.345054  6.651416  0.106535
A  783.627481 366.680119  598.054859 74.466689  9.700632  3.506195
A  396.604090 125.171174  278.759569 123.477791  4.313871  1.667188
A  1737.006406 716.280889  45.489430 592.348795  2.757766  8.400278
A  1508.655502 332.236037  646.328642 112.078606  5.163300  13.356495
A  78.365529 442.544948  940.272634 19.319709  3.283726  6.553403
A  149.348120 156.847926  678.994660 188.554213  6.509239  22.128560
A  1840.371967 791.545362  325.313754 616.403946  5.408014  28.088500
A  1477.241137 842.454089  157.698290 984.002036  5.294796  19.145388
A  1614.616252 322.549708  324.837073 479.517657  8.875398  25.021009
A  955.954459 1042.101830  1473.567488 375.212509  2.176499  1.077832
A  406.610440 454.905091  805.672687 989.806251  4.038248  23.935011
A  1281.258395 108.083967  1646.867764 973.153311  6.868287  14.461808
A  317.019299 663.509750  345.632480 663.935011  4.883685  17.836543
A  870.702673 644.565785  952.919924 342.762827  9.834657  4.604018
A  1600.417497 115.431841  860.492036 587.041345  10.644931  0.927159
A  1147.086310 857.890204  502.635923 538.086884  7.309896  28.521248
A  1868.528967 476.994062  1834.338997 70.746708  1.172663  7.635132
A  338.087165 905.925572  1136.325308 495.603937  1.998669  4.856121
A  974.694455 72.544321  901.578355 366.187954  2.365279  15.609172
A  872.639865 408.721871  1519.054433 733.647171  6.415234  9.189212
A  840.925090 192.040821  1426.665891 976.273035  4.671114  0.201717
A  615.477862 705.270433  102.513082 934.609116  5.490043  0.765048
A  741.062496 647.942933  1829.226745 39.406715  6.367182  24.849804
A  343.647491 64.556400  1227.715591 217.227808  4.816563  13.292107
A  1050.174726 798.337059  1660.691851 260.602479  7.444691  12.537929
A  1691.664744 1037.566349  1887.910607 347.717447  3.391211  25.642893
T  1552.483774 802.730611  6.325627
T  1279.936400 899.253812  7.875033
T  381.551484 918.538623  6.404287
T  1587.740653 853.078573  9.336056
T  1839.507181 981.844639  7.904837
T  972.956014 15.882682  7.455797
T  1069.046361 1032.591135  7.123129
T  531.208704 1073.964878  9.446867
T  1492.376379 302.874185  9.504601
T  1512.956757 555.489183  5.610708